101490
101492
101584
102551
102587
102595
1185936
1185946
1310538
1310542
1310548
1341802
1363943
1363953
1381
1382
1385864
1385868
1385870
1405480
1408455
1410242
1410309
1427434
1427450
1427454
1427458
1427462
1427473
1427476
1427477
1427483
1427487
1427505
1428370
1428374
1435921
1437979
1439044
1440535
1440547
1440549
1454411
1454573
1491100
1491128
1495858
1495949
1496350
1496633
1496634
1496643
1508774
1508788
1508886
1514493
1514494
1514499
1514500
1514503
1514504
1518383
1524908
1552209
1552278
1560683
1560701
1560727
1561292
1561302
1561305
1561306
1561308
1561310
158952
158953
158954
158955
159392
159393
1599048
1599050
1602366
1602377
1602441
1602520
1602555
1602581
1605324
1605325
1607967
1612974
161811
161812
161813
161814
161839
161840
1619282
1621094
1630016
1630018
1630020
1630024
1630039
1630645
1630649
1630651
1646319
1650346
1653776
1660224
1668784
1668815
1669244
1669245
1669336
1669362
1669372
1669374
1669376
1669380
1669417
1669774
1669982
1670026
1681006
1683072
1683886
1684214
1684522
1684780
1684790
1684870
1684872
1684882
1684888
1689041
1717833
1717834
2030971
2030972
2030983
2030984
2030997
2030998
2031009
2031010
2031011
2031012
2031045
2031046
2031066
2031067
2031068
2031069
2031070
2031071
2031078
2031079
2031092
2031093
2031102
2031103
2031210
2031211
2031236
2031237
2031238
2031239
2049845
2049867
2049893
2049928
2050392
2050393
2050410
2050411
2050420
2050421
2050422
2050423
2050426
2050427
2050566
2050620
2050621
2050638
2050639
2050646
2050647
2050977
2050978
2072923
2072924
2073435
2073436
2096972
2096973
2099195
2099196
2099717
2099718
2099723
2099724
2099754
2099906
2100551
2100552
2101006
2101100
2102495
2102496
2103111
2103112
2103144
2103145
2103208
2103209
2103249
2103252
2103253
2103280
2103281
2103308
2103309
2103314
2103315
2103416
2103417
2105519
2105520
2107923
2107924
2112869
2112870
2117202
2117203
2155666
2155682
2155762
2156231
2156232
2156320
2156321
2156338
2156339
2156366
2156367
2156390
2156391
2156424
2156425
2156448
2156449
2156466
2156467
2156480
2156481
2156510
2156511
2156516
2156517
2166202
2166203
2166208
2166209
2166210
2166211
2166220
2166221
2166222
2166223
2166231
2166232
2166233
2166236
2166237
2166240
2166241
2166242
2166243
2166246
2166247
2166250
2166251
2166262
2166263
2166266
2166267
2166268
2166269
2166272
2166273
2166274
2166275
2166284
2166285
2166288
2166289
2166290
2166291
2166292
2166293
2166296
2166297
2166302
2166303
2166306
2166307
2166308
2166309
2166312
2166313
2166316
2166317
2166334
2166335
2166338
2166339
2166364
2166365
2166372
2166373
2166374
2166375
2166380
2166381
2166382
2166409
2166410
2166411
2166412
2166423
2166424
2166425
2166426
2166431
2166432
2166433
2166434
2166435
2166436
2166439
2166440
2166445
2166446
2166447
2166448
2166453
2166454
2166461
2166462
2166465
2166466
2166475
2166476
2166483
2166484
2166505
2166506
2166509
2166510
2166535
2166536
2166543
2166544
2166549
2166550
2166555
2166556
2166561
2166562
2166569
2166570
2208863
2208864
2233924
2233925
2242194
2242195
2243738
2243739
2257373
2263114
2263115
2270292
2270402
2270407
2270577
2270647
2270673
2270721
2271458
2271466
2271940
2271952
2271984
2271990
2272186
2272478
2272486
2272503
2272567
2272577
2272589
2272593
2272597
2272599
2272601
2272606
2272616
2272618
2272627
2272628
2272642
2272643
2272647
2272648
2272649
2272650
2272659
2272660
2272664
2272667
2272668
2272669
2272670
2272671
2272672
2272677
2272687
2272688
2272691
2272692
2272701
2272702
2273041
2273045
2273049
2273055
2273079
2273080
2273083
2273084
2273085
2273086
2273089
2273091
2273099
2273101
2273103
2273105
2273111
2273119
2273121
2273143
2273151
2273161
2273165
2273171
2273179
2273183
2273185
2273212
2273215
2273216
2273218
2273224
2273242
2273244
2273256
2273258
2273262
2273266
2273278
2273286
2273287
2273296
2273297
2273301
2273307
2273309
2273312
2273313
2273321
2273323
2273324
2273325
2273330
2273331
2273332
2273333
2273335
2273336
2273337
2273341
2273344
2273345
2273346
2273347
2273358
2273359
2273360
2273368
2273372
2273384
2273385
2273398
2273428
2273429
2273448
2273449
2273457
2273464
2273465
2273468
2273469
2273484
2273486
2273493
2273494
2273496
2273508
2273510
2273512
2273514
2273536
2273540
2273550
2273554
2273557
2273559
2273568
2273575
2273587
2273603
2273611
2273612
2273613
2273618
2273619
2273625
2273630
2273631
2273662
2273663
2273666
2273667
2273670
2273676
2273677
2273877
2273886
2273887
2274200
2274201
2275672
2275673
2275729
2275730
2275731
2275732
2275737
2275738
2275743
2275744
2275745
2275746
2275754
2275761
2275762
2275769
2275770
2275771
2275772
2275776
2275784
2275786
2275787
2275788
2275791
2275792
2275799
2275800
2275801
2275802
2275805
2275806
2275815
2275816
2275819
2275820
2275823
2275824
2275837
2275838
2275840
2275851
2275852
2275864
2275867
2275868
2275873
2275874
2275897
2275898
2275903
2275904
2275909
2275910
2276288
2276289
2276296
2276297
2276304
2276305
2276306
2276307
2276336
2276337
2276342
2276343
2276348
2276349
2276350
2276351
2276355
2276382
2276383
2276386
2276387
2276390
2276391
2276394
2276395
2276397
2276398
2276399
2276404
2276405
2277285
2277286
2277289
2277290
2277295
2277296
2277307
2277308
2277319
2277320
2277322
2277323
2277324
2277325
2277326
2277329
2277330
2277339
2277340
2277345
2277346
2277347
2277348
2278469
2278470
2278509
2278510
2278527
2278528
2278535
2278536
2278541
2278542
2278547
2278548
2278551
2278552
2278555
2278556
2278659
2278660
2278678
2278679
2278680
2278683
2278684
2278686
2278704
2278707
2278708
2278713
2278714
2278716
2278725
2278726
2278727
2278728
2278729
2278730
2278735
2278736
2278743
2278744
2278751
2278752
2278753
2278754
2278755
2278756
2278759
2278760
2278761
2278762
2278767
2278768
2278773
2278774
2278775
2278776
2278781
2278782
2278791
2278792
2278795
2278796
2278797
2278798
2278799
2278800
2278803
2278804
2278817
2278818
2278831
2278832
2278837
2278838
2278843
2278844
2278849
2278850
2278859
2278860
2278971
2278972
2278991
2278992
2279021
2279022
2279025
2279026
2279062
2279273
2279274
2279283
2279284
2279293
2279294
2279303
2279304
2279315
2279316
2279317
2279318
2279325
2279326
2279341
2279342
2279343
2279344
2279351
2279352
2279355
2279356
2279357
2279358
2279359
2279360
2279371
2279372
2279385
2279386
2279389
2279390
2279399
2279400
2279403
2279404
2279429
2279430
2279435
2279436
2279439
2279440
2280969
2280970
2281005
2281006
2281011
2281012
2281017
2281018
2281040
2281045
2281046
2281048
2281056
2281059
2281060
2281097
2281098
2281101
2281102
2281104
2281105
2281106
2281109
2281110
2281126
2281127
2281128
2281131
2281132
2281143
2281144
2281145
2281146
2281147
2281148
2281150
2281152
2281153
2281154
2281156
2281157
2281158
2281161
2281162
2281185
2281186
2281187
2281188
2281195
2281196
2281635
2281636
2281643
2281644
2281645
2281646
2282120
2282121
2282140
2282141
2282144
2282145
2282298
2282299
2282320
2282321
2282322
2282323
2282327
2282329
2282346
2282347
2282355
2282356
2282369
2282370
2282381
2282382
2282389
2282390
2282397
2282398
2282399
2282400
2282405
2282406
2282495
2282496
2282523
2282524
2282831
2282832
2283201
2283202
2283300
2283301
2283978
2283979
2284132
2284133
2284140
2284141
2284168
2284169
2284171
2284172
2284173
2284174
2284175
2284194
2284195
2284208
2284209
2284239
2284254
2284255
2284256
2284257
2284274
2284275
2284293
2284296
2284297
2284302
2284303
2284316
2284317
2284320
2284321
2284324
2284325
2284334
2284335
2284342
2284343
2284345
2284346
2284347
2284351
2284362
2284363
2284368
2284369
2284374
2284375
2284382
2284383
2284388
2284389
2284392
2284393
2284396
2284397
2284398
2284399
2284402
2284403
2284406
2284407
2284411
2284427
2284429
2284430
2284431
2284436
2284437
2284533
2284581
2284588
2284589
2284592
2284593
2284598
2284599
2284600
2284601
2284604
2284605
2284608
2284609
2284612
2284613
2284618
2284619
2284628
2284629
2284635
2284644
2284645
2284648
2284649
2284652
2284653
2284658
2284659
2284662
2284663
2284672
2284673
2284674
2284675
2284677
2284680
2284681
2284688
2284689
2284692
2284693
2284706
2284707
2284708
2284709
2284712
2284713
2284719
2284727
2284734
2284735
2284736
2284737
2284748
2284749
2284764
2284765
2284782
2284783
2284788
2284789
2284922
2284923
2284926
2284927
2284928
2284929
2284930
2284931
2284973
2285098
2285099
2285198
2285199
2285240
2285241
2285244
2285245
2285249
2285268
2285269
2285284
2285285
2285290
2285291
2285294
2285295
2285301
2285311
2285312
2285313
2285316
2285317
2285328
2285329
2285330
2285331
2285332
2285333
2285341
2285352
2285353
2285415
2285416
2285455
2285456
2285779
2285780
2285784
2285801
2285802
2286700
2286846
2286847
2286848
2286868
2286871
2286872
2286876
2286877
2286878
2286880
2286882
2286889
2286890
2286896
2286897
2286898
2286899
2286900
2286903
2286904
2286906
2286907
2286908
2286912
2286914
2286918
2286920
2286927
2286928
2286932
2286935
2286936
2286939
2286940
2286945
2286946
2286953
2286954
2286960
2286963
2286964
2286965
2286966
2286969
2286970
2286983
2286984
2286995
2286996
2286998
2287000
2287002
2287004
2287013
2287014
2287019
2287020
2287022
2287023
2287024
2287044
2287051
2287052
2287057
2287058
2287067
2287068
2287069
2287070
2287077
2287078
2287081
2287082
2287131
2287132
2287197
2287198
2287254
2287255
2287282
2287283
2287286
2287287
2287312
2287313
2287314
2287315
2287336
2287337
2287338
2287339
2287340
2287341
2287345
2288047
2288048
2288067
2288068
2288083
2288084
2288086
2288087
2288088
2288091
2288092
2288094
2288095
2288096
2288101
2288102
2288103
2288104
2288108
2288112
2288114
2288115
2288116
2288289
2288290
2288293
2288294
2288311
2288312
2288317
2288318
2288321
2288322
2288333
2288334
2288335
2288336
2288337
2288338
2288341
2288342
2288349
2288350
2288359
2288360
2288367
2288368
2288371
2288372
2288381
2288382
2288389
2288390
2288393
2288394
2288395
2288396
2288401
2288402
2288403
2288404
2288405
2288406
2288409
2288410
2288429
2288430
2288433
2288434
2288437
2288438
2288439
2288440
2288445
2288446
2288463
2288464
2288491
2288492
2288729
2288730
2289464
2289465
2289899
2289900
2289910
2289911
2289916
2289917
2289922
2289923
2289928
2289929
2289930
2289931
2289938
2289939
2289944
2289945
2289966
2289967
2289968
2289969
2289970
2289971
2289978
2289979
2290157
2290177
2290178
2290179
2290184
2290185
2290186
2290187
2290188
2290189
2290198
2290199
2290208
2290209
2290775
2290776
2290815
2290816
2290827
2290828
2290835
2290836
2290843
2290844
2290845
2290846
2290855
2290856
2290879
2290880
2290941
2290942
2290945
2290946
2290963
2290964
2290969
2290970
2290971
2290972
2290973
2290974
2290983
2290984
2290989
2290990
2290995
2290996
2291015
2291016
2291017
2291018
2291177
2291178
2291181
2291182
2291187
2291188
2291189
2291190
2291223
2291224
2291227
2291228
2291233
2291234
2291239
2291240
2291681
2291682
2292475
2292476
2292487
2292488
2292509
2292510
2292531
2292532
2292537
2292538
2292554
2292555
2292562
2292563
2292570
2292571
2292576
2292577
2292584
2292585
2292590
2292591
2292592
2292593
2292598
2292599
2292600
2292601
2292604
2292605
2292614
2292615
2292630
2292631
2292769
2292773
2292780
2292781
2292826
2292827
2293144
2293145
2293173
2293174
2293350
2293351
2295075
2295076
2295441
2295442
2295457
2295458
2295467
2295468
2295884
2295885
2295908
2296117
2296118
2296132
2296139
2296140
2296145
2296146
2296165
2296166
2296169
2296170
2296183
2296184
2296197
2296198
2296209
2296210
2296211
2296212
2296215
2296216
2296219
2296220
2296225
2296226
2296231
2296232
2296234
2296247
2296248
2296257
2296258
2296264
2296273
2296274
2296275
2296276
2296279
2296280
2296285
2296286
2296295
2296296
2296307
2296308
2296309
2296310
2296313
2296314
2296319
2296320
2296321
2296322
2296331
2296332
2296334
2296340
2296341
2296342
2296346
2296353
2296354
2296356
2296361
2296362
2296377
2296378
2296381
2296382
2296385
2296386
2296388
2296391
2296392
2296399
2296400
2296408
2296410
2296421
2296422
2296425
2296426
2296429
2296430
2296431
2296432
2296433
2296434
2296437
2296438
2296440
2296451
2296452
2296456
2296459
2296460
2296461
2296462
2296468
2296473
2296474
2296476
2296489
2296490
2296495
2296496
2296503
2296504
2296508
2296519
2296520
2296523
2296524
2296531
2296532
2296538
2296543
2296544
2296553
2296554
2296556
2296561
2296562
2296569
2296570
2296571
2296572
2296575
2296576
2296585
2296586
2296591
2296592
2296595
2296596
2296600
2296603
2296604
2296607
2296608
2296613
2296614
2296625
2296626
2296631
2296632
2296633
2296634
2296639
2296640
2296648
2296653
2296654
2296659
2296660
2296674
2296677
2296678
2296685
2296686
2296693
2296694
2296695
2296696
2296699
2296700
2296715
2296716
2296717
2296718
2296727
2296728
2296737
2296738
2296741
2296742
2296743
2296744
2296761
2296762
2296765
2296766
2296769
2296770
2296775
2296776
2296791
2296792
2296795
2296796
2296809
2296810
2296811
2296812
2296814
2296815
2296816
2296817
2296818
2296823
2296824
2296827
2296828
2296847
2296848
2296852
2296856
2296880
2296881
2296882
2296883
2296884
2296885
2296886
2296887
2296888
2296889
2296890
2296891
2296894
2296895
2296901
2296902
2296904
2296906
2296919
2296920
2296931
2296932
2296943
2296944
2296957
2296958
2296975
2296976
2296977
2296978
2296979
2296980
2296981
2296982
2296985
2296986
2297005
2297006
2297009
2297010
2297013
2297014
2297019
2297020
2297024
2297037
2297038
2297043
2297044
2297047
2297048
2297061
2297062
2297063
2297064
2297065
2297066
2297068
2297069
2297070
2297071
2297072
2297074
2297077
2297078
2297086
2297097
2297098
2297100
2297116
2297135
2297136
2297139
2297140
2297147
2297148
2297149
2297150
2297151
2297152
2297157
2297158
2297160
2297168
2297173
2297174
2297175
2297176
2297180
2297186
2297189
2297190
2297191
2297192
2297208
2297217
2297218
2297225
2297226
2297228
2297231
2297232
2297234
2297239
2297240
2297242
2297259
2297260
2297265
2297266
2297273
2297274
2297277
2297278
2297279
2297280
2297302
2297320
2297321
2297322
2297324
2297325
2297326
2297335
2297336
2297337
2297338
2297339
2297340
2297361
2297362
2297371
2297372
2297403
2297404
2297405
2297406
2297433
2297434
2297492
2297495
2297496
2297497
2297510
2297511
2297512
2297513
2297516
2297517
2297540
2297541
2297544
2297545
2297556
2297557
2297558
2297559
2297566
2297567
2297568
2297569
2297572
2297573
2297574
2297575
2297576
2297577
2297580
2297581
2297584
2297585
2297593
2297607
2297608
2297609
2297610
2297623
2297624
2297625
2297626
2297638
2297640
2297641
2297642
2297643
2297644
2297645
2297646
2297647
2297648
2297649
2297650
2297651
2297652
2297654
2297656
2297657
2297658
2297659
2297660
2297661
2297662
2297663
2297664
2297665
2297666
2297667
2297668
2297669
2297670
2297671
2297672
2297673
2297674
2297675
2297676
2297677
2297678
2297679
2297680
2297681
2297682
2297683
2297684
2297685
2297686
2297687
2297688
2297689
2297690
2297691
2297692
2297694
2297695
2297696
2297697
2297698
2297700
2297701
2297702
2297704
2297705
2297706
2297707
2297708
2297709
2297710
2297711
2297712
2297713
2297714
2297715
2297716
2297717
2297718
2297720
2297722
2297723
2297724
2297725
2297726
2297727
2297728
2297729
2297730
2297731
2297732
2297733
2297734
2297735
2297736
2297737
2297738
2297739
2297740
2297741
2297742
2297743
2297744
2297745
2297746
2297747
2297748
2297749
2297750
2297751
2297752
2297755
2297756
2297757
2297758
2297759
2297760
2297761
2297762
2297763
2297764
2297765
2297766
2297767
2297768
2297769
2297770
2297771
2297772
2297773
2297774
2297775
2297776
2297777
2297778
2297779
2297780
2297781
2297782
2297783
2297784
2297785
2297786
2297788
2297789
2297790
2297791
2297792
2297793
2297794
2297795
2297796
2297797
2297798
2297799
2297800
2297801
2297802
2297803
2297804
2297805
2297806
2297807
2297808
2297809
2297810
2297811
2297812
2297813
2297814
2297815
2297816
2297817
2297818
2297819
2297820
2297821
2297822
2297825
2297826
2297827
2297828
2297829
2297830
2297831
2297832
2297833
2297834
2297835
2297836
2297839
2297840
2297841
2297843
2297844
2297845
2297846
2297847
2297848
2297849
2297850
2297851
2297852
2297853
2297854
2297855
2297856
2297857
2297859
2297860
2297861
2297862
2297863
2297864
2297865
2297866
2297867
2297868
2297869
2297870
2297871
2297872
2297873
2297874
2297875
2297877
2297878
2297879
2297880
2297881
2297882
2297883
2297884
2297885
2297886
2297887
2297888
2297889
2297890
2297891
2297892
2297893
2297894
2297895
2297896
2297897
2297899
2297900
2297901
2297902
2297903
2297905
2297906
2297907
2297908
2297909
2297910
2297911
2297912
2297913
2297914
2297915
2297922
2297923
2297924
2297925
2297926
2297927
2297928
2297929
2297930
2297931
2297932
2297933
2297934
2297935
2297936
2297937
2297938
2297939
2297940
2297941
2297942
2297943
2297948
2297949
2297950
2297951
2297952
2297953
2297954
2297955
2297958
2297959
2297960
2297961
2297964
2297965
2297967
2297970
2297971
2297981
2297982
2297983
2297984
2297985
2297986
2297987
2297988
2297989
2297990
2297991
2297992
2297993
2297994
2297995
2297996
2297997
2297998
2297999
2298000
2298001
2298002
2298003
2298004
2298005
2298006
2298009
2298010
2298013
2298014
2298016
2298017
2298018
2298019
2298020
2298021
2298022
2298024
2298025
2298026
2298027
2298028
2298030
2298031
2298032
2298033
2298034
2298035
2298036
2298037
2298038
2298039
2298040
2298041
2298042
2298044
2298047
2298048
2298049
2298050
2298051
2298052
2298054
2298055
2298056
2298057
2298060
2298061
2298062
2298063
2298064
2298065
2298066
2298067
2298068
2298069
2298070
2298071
2298072
2298073
2298074
2298075
2298076
2298077
2298078
2298079
2298080
2298081
2298082
2298083
2298084
2298085
2298086
2298087
2298088
2298089
2298091
2298092
2298093
2298094
2298095
2298096
2298097
2298098
2298099
2298100
2298101
2298102
2298103
2298104
2298105
2298106
2298107
2298108
2298109
2298110
2298111
2298112
2298113
2298114
2298115
2298116
2298117
2298118
2298119
2298120
2298121
2298122
2298123
2298124
2298125
2298126
2298127
2298130
2298131
2298135
2298136
2298137
2298138
2298139
2298140
2298141
2298143
2298144
2298145
2298146
2298147
2298149
2298150
2298151
2298152
2298153
2298154
2298155
2298156
2298157
2298158
2298159
2298160
2298161
2298162
2298163
2298164
2298165
2298166
2298167
2298168
2298169
2298170
2298172
2298174
2298175
2298178
2298179
2298180
2298181
2298183
2298184
2298185
2298186
2298187
2298188
2298189
2298190
2298191
2298192
2298193
2298196
2298197
2298200
2298201
2298202
2298203
2298204
2298205
2298210
2298211
2298213
2298214
2298215
2298216
2298217
2298220
2298221
2298222
2298223
2298224
2298225
2298226
2298227
2298228
2298229
2298230
2298231
2298232
2298233
2298234
2298235
2298238
2298239
2298243
2298244
2298245
2298246
2298247
2298248
2298249
2298250
2298251
2298252
2298253
2298254
2298255
2298256
2298257
2298258
2298259
2298260
2298261
2298262
2298263
2298264
2298265
2298266
2298267
2298270
2298271
2298274
2298275
2298276
2298277
2298278
2298279
2298280
2298281
2298282
2298283
2298284
2298285
2298290
2298291
2298296
2298297
2298318
2298319
2298320
2298321
2298430
2298431
2298433
2298435
2298436
2298437
2298438
2298439
2298440
2298441
2298442
2298443
2298444
2298445
2298446
2298448
2298449
2298450
2298451
2298452
2298453
2298454
2298455
2298456
2298457
2298458
2298459
2298461
2298462
2298463
2298465
2298466
2298467
2298468
2298469
2298470
2298471
2298472
2298473
2298474
2298475
2298476
2298477
2298478
2298484
2298485
2298486
2298487
2298488
2298492
2298493
2298494
2298495
2298496
2298497
2298498
2298499
2298500
2298501
2298517
2298518
2298519
2298520
2298521
2298522
2298523
2298524
2298525
2298526
2298527
2298528
2298529
2298530
2298531
2298532
2298533
2298534
2298535
2298536
2298537
2298538
2298539
2298540
2298545
2298546
2298547
2298548
2298551
2298552
2298553
2298554
2298555
2298556
2298557
2298558
2298559
2298561
2298562
2298563
2298564
2298565
2298566
2298567
2298568
2298569
2298570
2298571
2298573
2298575
2298577
2298579
2298581
2298583
2298584
2298585
2298587
2298588
2298589
2298592
2298593
2298594
2298595
2298596
2298597
2298598
2298599
2298600
2298601
2298602
2298603
2298604
2298605
2298606
2298607
2298608
2298609
2298610
2298611
2298612
2298613
2298614
2298615
2298616
2298617
2298618
2298619
2298622
2298623
2298624
2298625
2298626
2298627
2298628
2298629
2298630
2298631
2298632
2298633
2298634
2298635
2298636
2298637
2298638
2298639
2298641
2298642
2298643
2298644
2298645
2298646
2298647
2298648
2298649
2298650
2298651
2298652
2298653
2298654
2298655
2298656
2298657
2298658
2298659
2298661
2298662
2298663
2298666
2298667
2298668
2298669
2298670
2298671
2298672
2298673
2298674
2298675
2298676
2298677
2298681
2298682
2298683
2298684
2298685
2298688
2298689
2298690
2298691
2298694
2298695
2298696
2298697
2298698
2298699
2298700
2298701
2298702
2298703
2298706
2298707
2298708
2298709
2298712
2298713
2298716
2298717
2298718
2298719
2298722
2298723
2298724
2298725
2298726
2298727
2298728
2298729
2298730
2298731
2298732
2298733
2298734
2298735
2298736
2298737
2298738
2298739
2298740
2298741
2298742
2298743
2298747
2298748
2298749
2298750
2298751
2298752
2298753
2298754
2298755
2298757
2298758
2298759
2298760
2298761
2298762
2298763
2298764
2298765
2298766
2298767
2298771
2298772
2298773
2298774
2298775
2298778
2298779
2298782
2298783
2298784
2298785
2298786
2298787
2298788
2298789
2298790
2298791
2298792
2298793
2298794
2298795
2298796
2298797
2298798
2298799
2298800
2298801
2298802
2298803
2298804
2298805
2298808
2298809
2298812
2298813
2298814
2298815
2298816
2298817
2298818
2298819
2298820
2298821
2298822
2298823
2298825
2298828
2298829
2298830
2298831
2298832
2298833
2298834
2298835
2298836
2298837
2298838
2298839
2298841
2298842
2298843
2298844
2298845
2298846
2298847
2298848
2298849
2298850
2298851
2298852
2298853
2298854
2298855
2298856
2298857
2298858
2298859
2298862
2298863
2298864
2298865
2298866
2298867
2298868
2298869
2298872
2298873
2298874
2298875
2298876
2298877
2298878
2298879
2298880
2298881
2298882
2298883
2298884
2298885
2298886
2298887
2298888
2298889
2298890
2298891
2298892
2298893
2298894
2298895
2298896
2298897
2298898
2298899
2298900
2298901
2298902
2298903
2298905
2298908
2298909
2298910
2298911
2298912
2298913
2298914
2298915
2298916
2298917
2298918
2298919
2298920
2298921
2298922
2298923
2298924
2298925
2298926
2298927
2298928
2298929
2298930
2298931
2298932
2298933
2298935
2298936
2298937
2298938
2298939
2298940
2298941
2298942
2298943
2298944
2298945
2298946
2298947
2298948
2298949
2298950
2298951
2298952
2298953
2298954
2298955
2298956
2298957
2298958
2298959
2298960
2298961
2298962
2298963
2298964
2298965
2298966
2298967
2298968
2298969
2298970
2298971
2298972
2298973
2298974
2298975
2298976
2298977
2298978
2298979
2298980
2298981
2298982
2298983
2298984
2298985
2298986
2298987
2298988
2298989
2298991
2298992
2298993
2299008
2299009
2299012
2299013
2299016
2299017
2299026
2299027
2299028
2299029
2299046
2299047
2299048
2299049
2299050
2299051
2299054
2299055
2299056
2299057
2299070
2299071
2299072
2299073
2299074
2299075
2299076
2299077
2299078
2299079
2299080
2299081
2299082
2299083
2299084
2299085
2299086
2299087
2299088
2299089
2299090
2299091
2299092
2299093
2299094
2299095
2299096
2299097
2299098
2299099
2299100
2299101
2299102
2299103
2299104
2299105
2299106
2299107
2299108
2299109
2299110
2299111
2299112
2299113
2299114
2299115
2299116
2299117
2299118
2299119
2299120
2299121
2299122
2299123
2299124
2299125
2299126
2299127
2299128
2299129
2299132
2299133
2299135
2299136
2299137
2299138
2299139
2299140
2299141
2299142
2299143
2299144
2299145
2299146
2299147
2299148
2299149
2299150
2299151
2299152
2299153
2299154
2299155
2299156
2299157
2299158
2299159
2299160
2299161
2299162
2299163
2299164
2299165
2299166
2299167
2299168
2299169
2299170
2299171
2299172
2299173
2299174
2299175
2299176
2299177
2299178
2299179
2299180
2299181
2299182
2299183
2299184
2299185
2299186
2299187
2299188
2299189
2299190
2299191
2299192
2299193
2299194
2299195
2299196
2299197
2299198
2299199
2299200
2299201
2299202
2299203
2299204
2299205
2299206
2299207
2299208
2299209
2299210
2299211
2299212
2299213
2299214
2299215
2299216
2299217
2299218
2299219
2299220
2299221
2299222
2299223
2299224
2299225
2299226
2299227
2299228
2299229
2299230
2299231
2299232
2299233
2299234
2299235
2299236
2299237
2299238
2299239
2299240
2299241
2299242
2299243
2299244
2299245
2299246
2299247
2299248
2299249
2299252
2299253
2299254
2299255
2299256
2299257
2299258
2299259
2299260
2299261
2299262
2299263
2299264
2299265
2299266
2299267
2299268
2299269
2299352
2299353
2299362
2299363
2299364
2299365
2299384
2299385
2299386
2299387
2299388
2299389
2299390
2299391
2299392
2299393
2299394
2299395
2299396
2299397
2299398
2299399
2299400
2299401
2299402
2299403
2299404
2299405
2299406
2299407
2299408
2299409
2299410
2299411
2299412
2299413
2299414
2299415
2299416
2299417
2299418
2299419
2299420
2299421
2299422
2299423
2299462
2299463
2299510
2299511
2299514
2299515
2299518
2299519
2299538
2299539
2299542
2299543
2299546
2299547
2299548
2299549
2299550
2299551
2299554
2299555
2299574
2299575
2299576
2299577
2299580
2299581
2299584
2299585
2299588
2299589
2299618
2299619
2299622
2299623
2299626
2299627
2299640
2299641
2299644
2299645
2299646
2299647
2299648
2299649
2299650
2299651
2299654
2299655
2299656
2299657
2299658
2299659
2299662
2299663
2299664
2299665
2299670
2299671
2299686
2299687
2299692
2299693
2299694
2299695
2299698
2299699
2299700
2299701
2299704
2299705
2299720
2299721
2299722
2299723
2299725
2299726
2299727
2299730
2299731
2299750
2299751
2299754
2299755
2299756
2299757
2299768
2299769
2299770
2299771
2299774
2299775
2299792
2299793
2299796
2299797
2299798
2299799
2299800
2299801
2299802
2299803
2299826
2299827
2299828
2299829
2299830
2299831
2299832
2299833
2299836
2299837
2299842
2299843
2299864
2299865
2299870
2299871
2299884
2299885
2299892
2299893
2299894
2299895
2299896
2299897
2299898
2299899
2299900
2299901
2299902
2299903
2299904
2299905
2299906
2299907
2299908
2299909
2299934
2299935
2299936
2299937
2299938
2299939
2299940
2299941
2299946
2299947
2299950
2299951
2299952
2299953
2300012
2300013
2300084
2300085
2300092
2300093
2300100
2300101
2300174
2300175
274845
274855
274857
274865
274909
274913
274915
274917
275045
275049
275063
275067
275115
275352
275356
275370
275511
275514
275525
275551
275553
275555
275565
275587
275615
275643
275651
275653
275657
275659
275665
275667
275738
275743
275749
275859
275861
275875
275914
275931
275935
275941
275956
276015
660
661
77629
77633
77641
77677
77679
77683
77685
77690
77696
77704
77870
77874
77882
77886
77893
77895
78293
78309
78311
78315
78395
78403
78444
78448
78450
78476
78480
78504
78508
78510
78574
78586
78592
78596
78602
78654
78661
78667
78669
78671
78677
78683
78689
78703
78795
78807
78809
78821
78831
78837
78845
78853
94203
94207
94215
94225
94233
94235
94245
94247
94253
94261
94367
94373
94383
94471
94475
94479
94492
94502
94507
94623
94631
94635
94641
94843
94849
94883
94893
94911
94913
94927
94929
94945
94959
94963
94965
94993
95011
95041
95047
95057
95067
95073
95087
95097
95101
95103
95111
95119
95121
95123
95135
95139
95143
95147
95151
95155
95161
95165
95169
95181
95187
95233
95240
95244
95248
95262
95264
95276
95290
95294
95310
95312
95314
95320
95338
95365
95378
95380
95382
95384
95390
95392
95401
95412
95640
95648
95654
95666
95670
95702
95706
95712
95726
97086
97100
97108
97110
97112
97136
97336
97340
97342
97348
97416
97420
97444
97446
97450
97456
97472
97480
97496
97510
97516
97556
97562
97605
97615
97629
97637
97639
97641
98458
98646
